20
30
84
49
82
34
12
89
84
94
14
43
45
51
12
30
92
53
97
23
43
78
13
7
63
60
71
38
15
54
54
89
21
27
35
15
61
82
1
12
11
16
88
27
7
54
20
34
84
87
6
8
38
95
77
3
47
43
59
11
70
6
83
72
50
43
51
16
89
73
34
81
44
52
56
2
76
58
38
56
55
35
13
53
9
1
84
62
67
65
70
90
1
59
91
99
16
44
87
95
59
19
0
79
79
65
76
69
15
98
46
1
90
38
55
36
27
84
87
4
58
66
21
67
29
42
56
9
44
49
11
53
39
48
19
38
25
71
50
84
48
82
48
71
7
23
15
42
17
44
3
33
2
27
71
93
77
51
56
24
64
75
91
6
44
3
39
54
52
59
77
3
84
89
48
12
35
82
5
94
38
5
91
89
18
95
4
8
14
58
28
75
5
41
0
5
86
58
20
43
89
65
26
9
39
17
21
82
3
12
89
6
99
54
6
8
98
99
45
10
31
59
28
95
52
12
25
15
26
0
65
86
8
48
91
26
52
12
52
31
49
24
72
87
72
57
99
71
2
54
53
17
45
46
63
22
11
7
66
68
4
64
51
73
94
72
10
12
44
55
89
14
55
95
61
64
96
96
3
20
5
16
16
82
20
59
35
50
76
78
76
39
43
55
94
70
49
46
59
61
70
31
96
63
51
92
32
58
59
40
66
21
93
22
62
40
99
33
38
54
9
74
34
9
64
98
18
0
7
53
4
82
63
10
97
47
39
7
94
89
86
30
71
25
53
67
24
56
22
70
77
61
80
2
16
29
18
39
58
79
10
9
63
54
62
5
83
24
81
1
97
69
72
8
80
92
37
84
9
58
74
81
47
41
56
51
66
93
62
31
63
39
96
95
43
10
0
84
11
12
71
2
23
77
14
51
3
7
53
56
49
25
67
85
82
90
4
44
81
35
67
50
98
45
11
26
85
66
64
27
9
74
12
68
44
89
92
95
69
0
69
27
33
2
28
71
44
94
14
97
16
67
66
16
72
27
69
87
99
1
19
25
68
18
31
70
6
75
1
31
5
29
73
98
64
77
17
99
6
83
49
87
59
70
86
28
32
7
0
65
71
8
48
28
6
4
98
61
63
85
30
33
17
53
30
17
30
33
12
81
20
51
36
90
15
24
20
72
36
92
34
92
72
87
16
70
9
64
76
83
7
31
86
44
31
63
30
10
75
59
78
1
21
36
49
0
3
5
24
31
25
34
73
85
63
49
95
25
38
58
81
19
60
11
22
11
88
66
14
11
76
91
77
7
71
17
43
63
35
8
65
60
91
57
15
99
7
75
51
19
85
43
32
98
68
43
65
80
52
71
78
20
96
52
45
43
84
38
62
95
91
54
95
81
30
41
99
71
4
81
79
62
17
2
47
87
38
71
84
69
66
23
34
16
79
95
1
5
53
88
54
59
72
98
71
36
6
91
49
32
14
38
49
56
88
27
81
15
42
81
66
31
72
3
79
95
22
64
42
44
2
45
18
19
13
41
37
58
34
33
8
11
74
99
86
74
32
90
14
69
69
63
80
23
20
5
19
78
83
22
12
34
74
67
8
83
18
91
32
99
39
81
10
59
67
27
53
4
74
99
34
57
26
65
9
7
67
51
23
24
77
70
97
85
22
4
35
89
56
68
44
27
25
54
90
52
33
40
58
6
77
30
65
72
49
81
98
40
97
76
59
61
53
87
24
31
22
2
79
90
69
63
26
34
11
64
84
31
89
44
42
11
59
68
87
65
14
13
94
26
69
85
8
58
9
43
99
2
82
53
84
96
64
97
38
60
7
40
20
11
29
39
41
61
70
31
56
89
98
97
42
92
69
0
92
19
39
80
10
79
82
39
6
54
38
77
27
21
27
68
86
76
83
74
78
43
79
61
20
43
60
38
6
56
51
22
49
34
14
62
50
86
13
61
37
81
57
52
94
21
0
58
66
55
19
1
10
28
2
29
79
31
40
52
33
53
63
88
9
81
51
34
11
51
44
68
82
36
20
18
94
51
30
20
84
11
91
92
92
86
14
27
33
78
59
79
63
46
11
33
30
88
8
64
8
14
23
74
19
56
59
70
28
77
32
40
52
85
93
18
25
67
13
64
42
67
28
98
85
69
26
97
22
70
84
88
5
59
86
69
65
27
86
21
63
69
96
13
54
96
92
64
92
8
13
50
15
15
87
66
99
76
47
48
35
87
23
37
47
78
73
60
4
56
86
83
96
64
52
79
